ideaPluginUpdateId=30117
ideaPluginVersion=2016.3.20161109
ideaMinVersion=163.7743
ideaMaxVersion=163.999999
rpmRelease=2
