ideaPluginUpdateId=30078
ideaPluginVersion=2016.3.20161103
ideaMinVersion=163.7342
ideaMaxVersion=163.999999
rpmRelease=2
