ideaPluginUpdateId=31116
ideaPluginVersion=2016.3.20161216
ideaMinVersion=163.9166
ideaMaxVersion=163.23999
rpmRelease=1
